0 0 0 0 0 0 0 0 0 0 1.49012e-08 0.1 0.2 0.3 0.4 0.5 0.6 0.7 0.8 0.9 1 0.9 0.8 0.7 0.6 0.5 0.4 0.3 0.2 0.1 0 0 0 0 0 0 0 0 0 0 0 0 0 0 0 0 0 0 0 0 0 
0 0 0 0 0 0 0 0 0 0 1.19209e-08 0.08 0.18 0.28 0.38 0.48 0.58 0.68 0.78 0.88 0.98 0.92 0.82 0.72 0.62 0.52 0.42 0.32 0.22 0.12 0.02 0 0 0 0 0 0 0 0 0 0 0 0 0 0 0 0 0 0 0 0 
0 0 0 0 0 0 0 0 0 0 9.53674e-09 0.064 0.16 0.26 0.36 0.46 0.56 0.66 0.76 0.86 0.96 0.932 0.84 0.74 0.64 0.54 0.44 0.34 0.24 0.14 0.04 0.004 0 0 0 0 0 0 0 0 0 0 0 0 0 0 0 0 0 0 0 
0 0 0 0 0 0 0 0 0 0 7.62939e-09 0.0512 0.1408 0.24 0.34 0.44 0.54 0.64 0.74 0.84 0.94 0.9376 0.8584 0.76 0.66 0.56 0.46 0.36 0.26 0.16 0.06 0.0112 0.0008 0 0 0 0 0 0 0 0 0 0 0 0 0 0 0 0 0 0 
0 0 0 0 0 0 0 0 0 0 6.10352e-09 0.04096 0.12288 0.22016 0.32 0.42 0.52 0.62 0.72 0.82 0.92 0.93808 0.87424 0.77968 0.68 0.58 0.48 0.38 0.28 0.18 0.08 0.02096 0.00288 0.00016 0 0 0 0 0 0 0 0 0 0 0 0 0 0 0 0 0 
0 0 0 0 0 0 0 0 0 0 4.88281e-09 0.032768 0.106496 0.200704 0.300032 0.4 0.5 0.6 0.7 0.8 0.9 0.934464 0.887008 0.798592 0.699936 0.6 0.5 0.4 0.3 0.2 0.1 0.032768 0.006496 0.000704 3.2e-05 0 0 0 0 0 0 0 0 0 0 0 0 0 0 0 0 
0 0 0 0 0 0 0 0 0 0 3.90625e-09 0.0262144 0.0917504 0.181862 0.280166 0.380006 0.48 0.58 0.68 0.78 0.88 0.927571 0.896499 0.816275 0.719667 0.619987 0.52 0.42 0.32 0.22 0.12 0.0462144 0.0117504 0.0018624 0.0001664 6.4e-06 0 0 0 0 0 0 0 0 0 0 0 0 0 0 0 
0 0 0 0 0 0 0 0 0 0 3.125e-09 0.0209715 0.0786432 0.16384 0.260506 0.360038 0.460001 0.56 0.66 0.76 0.86 0.918057 0.902714 0.83232 0.738989 0.639923 0.539997 0.44 0.34 0.24 0.14 0.0609715 0.0186432 0.00384 0.0005056 3.84e-05 1.28e-06 0 0 0 0 0 0 0 0 0 0 0 0 0 0 
0 0 0 0 0 0 0 0 0 0 2.5e-09 0.0167772 0.0671089 0.146801 0.241172 0.340132 0.440009 0.54 0.64 0.74 0.84 0.906446 0.905782 0.846399 0.757655 0.659736 0.559983 0.459999 0.36 0.26 0.16 0.0767772 0.0271089 0.00680064 0.00117248 0.00013184 8.704e-06 2.56e-07 0 0 0 0 0 0 0 0 0 0 0 0 0 
0 0 0 0 0 0 0 0 0 0 2e-09 0.0134218 0.0570425 0.130862 0.222298 0.32034 0.420033 0.520002 0.62 0.72 0.82 0.893156 0.905915 0.858275 0.775404 0.67932 0.579933 0.479996 0.38 0.28 0.18 0.0934218 0.0370425 0.0108623 0.00229811 0.000339968 3.33312e-05 1.9456e-06 5.12e-08 0 0 0 0 0 0 0 0 0 0 0 0 
0 0 0 0 0 0 0 0 0 0 1.6e-09 0.0107374 0.0483184 0.116098 0.204011 0.300732 0.400095 0.500008 0.6 0.7 0.8 0.878525 0.903363 0.867803 0.791978 0.698537 0.599811 0.499984 0.399999 0.3 0.2 0.110737 0.0483184 0.0160983 0.00401095 0.000731597 9.46585e-05 8.22272e-06 4.3008e-07 1.024e-08 0 0 0 0 0 0 0 0 0 0 0 
0 0 0 0 0 0 0 0 0 0 1.28e-09 0.00858994 0.0408022 0.102542 0.186428 0.281387 0.380222 0.480026 0.580002 0.68 0.78 0.86282 0.898396 0.874915 0.807143 0.717225 0.619556 0.519949 0.419996 0.32 0.22 0.12859 0.0608022 0.0225423 0.00642842 0.00138747 0.000222046 2.55099e-05 1.98861e-06 9.4208e-08 2.048e-09 0 0 0 0 0 0 0 0 0 0 
0 0 0 0 0 0 0 0 0 0 1.024e-09 0.00687195 0.0343597 0.0901943 0.169651 0.262396 0.360455 0.460065 0.560007 0.66 0.76 0.846256 0.891281 0.879611 0.820698 0.735209 0.63909 0.53987 0.439987 0.339999 0.24 0.146872 0.0743597 0.0301943 0.00965121 0.00239566 0.00045513 6.48171e-05 6.69286e-06 4.73088e-07 2.048e-08 4.096e-10 0 0 0 0 0 0 0 0 0 
0 0 0 0 0 0 0 0 0 0 8.192e-10 0.00549756 0.0288622 0.0790274 0.15376 0.243847 0.340843 0.440143 0.540018 0.640002 0.74 0.829005 0.882276 0.881945 0.83248 0.752306 0.658313 0.559714 0.459963 0.359997 0.26 0.165498 0.0888622 0.0390274 0.0137598 0.00384677 0.000843236 0.00014288 1.83177e-05 1.71704e-06 1.11002e-07 4.42368e-09 8.192e-11 0 0 0 0 0 0 0 0 
0 0 0 0 0 0 0 0 0 0 6.5536e-10 0.00439805 0.0241893 0.0689944 0.138813 0.225829 0.321444 0.420283 0.520043 0.620005 0.72 0.811204 0.871621 0.882011 0.842373 0.768341 0.677112 0.579434 0.479914 0.37999 0.279999 0.184398 0.104189 0.0489943 0.0188133 0.00582938 0.00144394 0.000282951 4.32301e-05 5.03718e-06 4.3221e-07 2.57393e-08 9.50272e-10 1.6384e-11 0 0 0 0 0 0 0 
0 0 0 0 0 0 0 0 0 0 5.24288e-10 0.00351844 0.020231 0.0600333 0.12485 0.208426 0.302321 0.400515 0.500091 0.600013 0.700001 0.792963 0.859538 0.879933 0.850301 0.783148 0.695358 0.59897 0.499818 0.399975 0.299997 0.203518 0.120231 0.0600333 0.0248495 0.00842617 0.00232103 0.000515149 9.11743e-05 1.26758e-05 1.3532e-06 1.07033e-07 5.90807e-09 2.03162e-10 3.2768e-12 0 0 0 0 0 0 
0 0 0 0 0 0 0 0 0 0 4.1943e-10 0.00281475 0.0168885 0.0520729 0.111886 0.191711 0.283542 0.380876 0.480176 0.580028 0.680004 0.774371 0.846223 0.875854 0.856227 0.796578 0.712916 0.618247 0.519648 0.419943 0.319993 0.222814 0.136888 0.0720729 0.0318863 0.0117108 0.00354206 0.000876325 0.000175969 2.83755e-05 3.61772e-06 3.56267e-07 2.61331e-08 1.34414e-09 4.32538e-11 6.5536e-13 0 0 0 0 0 
0 0 0 0 0 0 0 0 0 0 3.35544e-10 0.0022518 0.0140738 0.045036 0.0999236 0.175746 0.265176 0.361409 0.460316 0.560058 0.660009 0.755497 0.831853 0.869928 0.860153 0.808508 0.729648 0.637181 0.539368 0.439884 0.339983 0.24225 0.154074 0.085036 0.0399236 0.0157459 0.00517582 0.00140947 0.00031604 5.78942e-05 8.56927e-06 1.00856e-06 9.216e-08 6.30194e-09 3.03432e-10 9.17504e-12 1.31072e-13 0 0 0 0 
0 0 0 0 0 0 0 0 0 0 2.68435e-10 0.00180144 0.0117094 0.0388436 0.0889461 0.160581 0.24729 0.342163 0.440535 0.54011 0.640018 0.7364 0.816582 0.862313 0.862108 0.818837 0.74542 0.655674 0.558931 0.459781 0.359963 0.261796 0.171709 0.0988435 0.0489461 0.0205815 0.00728984 0.00216274 0.000534727 0.000109523 1.84343e-05 2.5207e-06 2.75439e-07 2.34735e-08 1.50313e-09 6.80264e-11 1.93987e-12 2.62144e-14 0 0 0 
0 0 0 0 0 0 0 0 0 0 2.14748e-10 0.00144115 0.00972778 0.0334167 0.0789256 0.146254 0.229948 0.323188 0.42086 0.520195 0.620037 0.717123 0.800545 0.853167 0.862149 0.827491 0.760104 0.673624 0.578279 0.479611 0.379927 0.28143 0.189726 0.113417 0.0589256 0.0262544 0.00994817 0.00318816 0.000860329 0.000194564 3.66521e-05 5.70341e-06 7.24491e-07 7.38667e-08 5.89722e-09 3.55048e-10 1.51572e-11 4.08945e-13 5.24288e-15 0 0 
0 0 0 0 0 0 0 0 0 0 1.71799e-10 0.00115292 0.00807045 0.0286789 0.0698238 0.132789 0.213209 0.30454 0.401326 0.500328 0.600068 0.697706 0.783861 0.842642 0.860352 0.834423 0.773581 0.69092 0.597348 0.499345 0.399863 0.301129 0.208067 0.128678 0.0698238 0.0327886 0.0132094 0.00454016 0.0013259 0.000327717 6.82345e-05 1.18931e-05 1.72028e-06 2.03992e-07 1.94911e-08 1.46348e-09 8.31353e-11 3.35859e-12 8.59832e-14 1.04858e-15 0 
0 0 0 0 0 0 0 0 0 0 1.37439e-10 0.000922338 0.00668695 0.0245572 0.0615948 0.120196 0.197125 0.286274 0.381969 0.480527 0.58012 0.678179 0.76663 0.830886 0.85681 0.839609 0.785749 0.707452 0.616062 0.518945 0.41976 0.320876 0.226679 0.144556 0.0815947 0.0401957 0.0171253 0.00627401 0.00196875 0.000527353 0.000120131 2.31614e-05 3.75485e-06 5.07248e-07 5.63912e-08 5.06901e-09 3.59205e-10 1.93139e-11 7.40504e-13 1.80355e-14 2.09715e-16 
0 0 0 0 0 0 0 0 0 0 1.09951e-10 0.00073787 0.00553403 0.0209832 0.0541873 0.108476 0.181739 0.268444 0.36283 0.460816 0.560202 0.658567 0.74894 0.818035 0.851626 0.843049 0.796521 0.723111 0.63434 0.538369 0.439597 0.340653 0.245519 0.160981 0.094187 0.0484755 0.0217393 0.00844426 0.0028298 0.000815632 0.000201575 4.25553e-05 7.63616e-06 1.15677e-06 1.46563e-07 1.53335e-08 1.30117e-09 8.72921e-11 4.45519e-12 1.62529e-13 3.77487e-15 
4.1943e-17 0 0 0 0 0 0 0 0 0 8.79609e-11 0.000590296 0.00457479 0.0178933 0.0475465 0.0976179 0.167087 0.251103 0.343953 0.441218 0.540324 0.638894 0.730865 0.804216 0.844907 0.844764 0.805827 0.737793 0.652095 0.557563 0.459351 0.360442 0.264546 0.177888 0.107546 0.0576178 0.0270866 0.0111033 0.00395269 0.00121847 0.000324387 7.43594e-05 1.462e-05 2.45265e-06 3.48604e-07 4.15793e-08 4.10762e-09 3.30067e-10 2.10226e-11 1.02106e-12 3.55258e-14 
7.88529e-16 8.38861e-18 0 0 0 0 0 0 0 0 7.03687e-11 0.000472237 0.00377789 0.0152296 0.0416159 0.0876036 0.153193 0.2343 0.325383 0.421765 0.520503 0.61918 0.712471 0.789546 0.836769 0.844793 0.813614 0.7514 0.669234 0.576469 0.478994 0.380223 0.283725 0.19522 0.121614 0.0676034 0.0331928 0.0142999 0.00538281 0.00176531 0.000503203 0.000124365 2.65679e-05 4.88612e-06 7.69413e-07 1.02984e-07 1.1602e-08 1.08558e-09 8.28314e-11 5.02136e-12 2.32633e-13 
7.73597e-15 1.64417e-16 1.67772e-18 0 0 0 0 0 0 0 5.6295e-11 0.00037779 0.00311676 0.0129393 0.0363386 0.078406 0.140075 0.218079 0.307166 0.402489 0.500756 0.599445 0.693813 0.774131 0.827324 0.843188 0.81985 0.763843 0.685668 0.595022 0.498489 0.399977 0.303024 0.212921 0.136335 0.0784056 0.0400749 0.0180785 0.00716623 0.00248881 0.000755624 0.000200132 4.61273e-05 9.22247e-06 1.59275e-06 2.3627e-07 2.98784e-08 3.18885e-09 2.83381e-10 2.05834e-11 1.19038e-12 
5.27153e-14 1.67873e-15 3.42255e-17 3.35544e-19 0 0 0 0 0 0 4.5036e-11 0.000302232 0.00256897 0.0109748 0.0316587 0.0699926 0.127741 0.202478 0.289349 0.383424 0.481102 0.579707 0.674939 0.758067 0.816686 0.840015 0.824518 0.775044 0.701303 0.613151 0.517795 0.41968 0.322415 0.230942 0.151652 0.0899915 0.047741 0.0224778 0.00934869 0.0034243 0.00110226 0.000311231 7.69283e-05 1.66034e-05 3.1187e-06 5.07567e-07 7.11567e-08 8.52676e-09 8.64475e-10 7.31428e-11 5.06898e-12 
2.80248e-13 1.18861e-14 3.63126e-16 7.11354e-18 6.71089e-20 0 0 0 0 0 3.60288e-11 0.000241785 0.00211562 0.00929362 0.027522 0.0623258 0.116191 0.18753 0.271975 0.364609 0.461567 0.559986 0.655893 0.741441 0.804962 0.835349 0.827617 0.784939 0.716051 0.630782 0.536867 0.439303 0.341868 0.249236 0.16751 0.102324 0.0561911 0.0275304 0.0119745 0.00460917 0.00156667 0.000469437 0.000123789 2.86684e-05 5.81564e-06 1.02979e-06 1.58439e-07 2.10528e-08 2.39693e-09 2.31409e-10 1.86837e-11 
1.23799e-12 6.55584e-14 2.66771e-15 7.8316e-17 1.47639e-18 1.34218e-20 0 0 0 0 2.8823e-11 0.000193428 0.00174085 0.00785802 0.0238763 0.055365 0.105418 0.173263 0.255086 0.346082 0.442175 0.540302 0.636711 0.724332 0.792258 0.829272 0.829164 0.793475 0.729829 0.647835 0.55565 0.458816 0.361355 0.267763 0.183855 0.115361 0.0654177 0.0332626 0.0150857 0.00608224 0.00217517 0.000688883 0.000192918 4.76925e-05 1.03862e-05 1.98696e-06 3.3271e-07 4.85299e-08 6.1281e-09 6.64514e-10 6.12289e-11 
4.72714e-12 3.00046e-13 1.52459e-14 5.96195e-16 1.68443e-17 3.06016e-19 2.68435e-21 0 0 0 2.30584e-11 0.000154743 0.00143137 0.00663459 0.0206726 0.0490673 0.0954077 0.159694 0.238721 0.327883 0.422957 0.520677 0.617429 0.706808 0.778673 0.821869 0.829185 0.800612 0.742558 0.664234 0.574087 0.478182 0.380847 0.286481 0.200637 0.12906 0.0754063 0.0396936 0.0187211 0.00788293 0.00295658 0.000986141 0.000292111 7.67377e-05 1.78475e-05 3.66681e-06 6.6356e-07 1.05366e-07 1.46085e-08 1.75723e-09 1.81886e-10 
1.60275e-11 1.18547e-12 7.22058e-14 3.52613e-15 1.32714e-16 3.61368e-18 6.33508e-20 5.36871e-22 0 0 1.84467e-11 0.000123794 0.00117604 0.00559394 0.017865 0.0433884 0.0861396 0.146837 0.222916 0.310051 0.403942 0.501133 0.598079 0.688932 0.7643 0.81323 0.827722 0.806327 0.754169 0.679899 0.592116 0.497363 0.400314 0.305354 0.217806 0.143375 0.0861371 0.0468361 0.0229156 0.0100506 0.00394185 0.00138023 0.000430917 0.000119812 2.96255e-05 6.50294e-06 1.26421e-06 2.17005e-07 3.27599e-08 4.32748e-09 4.96955e-10 
4.91992e-11 4.15387e-12 2.94858e-13 1.72621e-14 8.11397e-16 2.94338e-17 7.73416e-19 1.30997e-20 1.07374e-22 0 1.47574e-11 9.90353e-05 0.000965594 0.00471036 0.0154108 0.0382837 0.0775893 0.134697 0.2077 0.292624 0.385164 0.481694 0.57869 0.670761 0.749226 0.803444 0.824824 0.810606 0.7646 0.694753 0.609673 0.516314 0.419724 0.324346 0.235315 0.158261 0.0975847 0.0546963 0.0276997 0.0126236 0.00516359 0.00189255 0.00062078 0.000182033 4.76629e-05 1.11274e-05 2.31196e-06 4.26446e-07 6.96089e-08 1.0014e-08 1.26306e-09 
1.3875e-10 1.31629e-11 1.06666e-12 7.27812e-14 4.10153e-15 1.85827e-16 6.5055e-18 1.65163e-19 2.70583e-21 2.14748e-23 1.18059e-11 7.92283e-05 0.000792282 0.00396141 0.0132707 0.0337091 0.0697282 0.123276 0.193099 0.275639 0.366656 0.462388 0.559291 0.652347 0.733533 0.7926 0.820548 0.81345 0.773802 0.708722 0.626689 0.534986 0.439042 0.343422 0.253122 0.173672 0.10972 0.063274 0.033099 0.0156388 0.00665559 0.00254676 0.000875135 0.000269783 7.4537e-05 1.84345e-05 4.07505e-06 8.03548e-07 1.40976e-07 2.1933e-08 3.01324e-09 
3.63612e-10 3.82804e-11 3.48591e-12 2.71557e-13 1.78375e-14 9.68967e-16 4.23697e-17 1.43323e-18 3.51973e-20 5.58346e-22 9.44473e-12 6.33826e-05 0.000649671 0.00332758 0.0114089 0.0296214 0.0625244 0.112566 0.179135 0.259131 0.348452 0.443242 0.53991 0.633736 0.717296 0.780787 0.814958 0.814869 0.781731 0.721738 0.643095 0.553326 0.458231 0.362546 0.271182 0.189562 0.12251 0.0725632 0.039134 0.0191308 0.00845223 0.00336853 0.00120946 0.000390853 0.000113586 2.9655e-05 6.94695e-06 1.45785e-06 2.73491e-07 4.57416e-08 6.79719e-09 
8.93538e-10 1.03347e-10 1.04448e-11 9.14429e-13 6.85814e-14 4.34267e-15 2.27689e-16 9.62052e-18 3.14804e-19 7.48613e-21 7.55579e-12 5.07061e-05 0.000532414 0.002792 0.0097926 0.0259789 0.0559438 0.102558 0.165821 0.243132 0.330588 0.424284 0.520576 0.614971 0.700584 0.768089 0.808124 0.814887 0.788359 0.733737 0.658824 0.57128 0.47725 0.381683 0.289454 0.205886 0.135921 0.0825527 0.0458199 0.0231315 0.0105879 0.00438527 0.00164127 0.000554574 0.000169039 4.64412e-05 1.14886e-05 2.55567e-06 5.10362e-07 9.12914e-08 1.45861e-08 
2.07427e-09 2.61385e-10 2.90252e-11 2.82051e-12 2.37751e-13 1.71904e-14 1.05068e-15 5.32343e-17 2.17595e-18 6.89497e-20 6.04463e-12 4.05649e-05 0.000436072 0.00234008 0.00839248 0.0227417 0.0499508 0.093235 0.153168 0.22767 0.313097 0.405545 0.501318 0.596092 0.683461 0.754588 0.800117 0.813534 0.793664 0.744661 0.673807 0.588789 0.496056 0.400796 0.3079 0.2226 0.149914 0.0932263 0.0531664 0.0276691 0.0130967 0.0056258 0.00219007 0.000771914 0.000246146 7.09609e-05 1.84791e-05 4.34225e-06 9.19424e-07 1.75106e-07 2.99271e-08 
4.57663e-09 6.23962e-10 7.54972e-11 8.06145e-12 7.54302e-13 6.13025e-14 4.27863e-15 2.52724e-16 1.23876e-17 4.90349e-19 4.8357e-12 3.24519e-05 0.000356971 0.00195928 0.007182 0.0198718 0.044509 0.0845782 0.141182 0.212769 0.296011 0.387055 0.482163 0.577137 0.665987 0.740362 0.791011 0.810851 0.797638 0.754462 0.687977 0.605792 0.514603 0.419848 0.326479 0.23966 0.164451 0.104564 0.0611784 0.0327686 0.0160112 0.00711997 0.00287722 0.00105555 0.0003513 0.000105998 2.89755e-05 7.16962e-06 1.60399e-06 3.23969e-07 5.89628e-08 
9.64673e-09 1.4145e-09 1.8519e-10 2.15486e-11 2.21573e-12 1.99902e-13 1.56834e-14 1.05791e-15 6.0455e-17 2.8698e-18 3.86856e-12 2.59615e-05 0.000292067 0.00163882 0.00613746 0.0173339 0.0395816 0.0765643 0.129861 0.198452 0.279363 0.368846 0.463142 0.558142 0.648217 0.725487 0.780881 0.806883 0.800281 0.763097 0.701274 0.622229 0.53284 0.438799 0.345153 0.257024 0.179493 0.116541 0.0698555 0.0384506 0.0193626 0.00889821 0.00372577 0.00141988 0.000492149 0.000155058 4.438e-05 1.15308e-05 2.71711e-06 5.79973e-07 1.11964e-07 
1.951e-08 3.06094e-09 4.31051e-10 5.42769e-11 6.0823e-12 6.03068e-13 5.25272e-14 3.983e-15 2.59945e-16 1.43868e-17 3.09485e-12 2.07692e-05 0.000238846 0.00136947 0.00523773 0.0150946 0.035132 0.0691678 0.119202 0.184734 0.263181 0.35095 0.444283 0.539142 0.630202 0.710033 0.769802 0.801683 0.801601 0.770534 0.713639 0.638038 0.550718 0.457607 0.363882 0.27465 0.194999 0.129132 0.0791926 0.0447315 0.0231802 0.0109911 0.00476026 0.00188106 0.000677695 0.000222477 6.65157e-05 1.81006e-05 4.47985e-06 1.0074e-06 2.05566e-07 
3.80008e-08 6.35074e-09 9.57029e-10 1.29632e-10 1.57212e-11 1.69891e-12 1.62635e-13 1.36918e-14 1.00456e-15 6.34985e-17 2.47588e-12 1.66154e-05 0.00019523 0.00114334 0.00446408 0.0131232 0.0311245 0.0623606 0.109195 0.171627 0.247491 0.333396 0.425616 0.52017 0.61199 0.694067 0.757849 0.795307 0.801618 0.776747 0.725018 0.653159 0.568182 0.47623 0.382627 0.292496 0.210929 0.142305 0.0891804 0.0516238 0.0274905 0.0134289 0.00600643 0.0024569 0.000918368 0.00031352 9.77078e-05 2.77836e-05 7.204e-06 1.70189e-06 3.65933e-07 
7.15138e-08 1.26808e-08 2.03577e-09 2.95111e-10 3.85033e-11 4.50338e-12 4.69891e-13 4.34805e-14 3.54201e-15 2.5171e-16 1.98072e-12 1.32923e-05 0.000159507 0.000953721 0.00379993 0.0113914 0.0275243 0.0561134 0.099828 0.159141 0.232318 0.316215 0.407172 0.501259 0.593626 0.677652 0.745092 0.787815 0.800355 0.781721 0.735364 0.66753 0.585178 0.49462 0.401348 0.310522 0.227243 0.15603 0.0998053 0.0591351 0.0323171 0.0162412 0.00749092 0.0031668 0.00122607 0.00043449 0.00014087 4.17685e-05 1.13199e-05 2.80231e-06 6.33125e-07 
1.30398e-07 2.44474e-08 4.16477e-09 6.43243e-10 8.98249e-11 1.13034e-11 1.27659e-12 1.28763e-13 1.15297e-14 9.09771e-16 1.58463e-12 1.06338e-05 0.000130264 0.000794879 0.00323069 0.00987309 0.0242977 0.0503956 0.0910851 0.147278 0.217683 0.299436 0.388981 0.482442 0.575153 0.660847 0.731604 0.77927 0.797847 0.785448 0.744635 0.681097 0.601648 0.512732 0.420002 0.328687 0.243898 0.170272 0.11105 0.0672691 0.0376807 0.0194564 0.00924099 0.00403163 0.00161422 0.000592807 0.000199594 6.15888e-05 1.74096e-05 4.50584e-06 1.06696e-06 
2.30943e-07 4.56374e-08 8.22129e-09 1.34755e-09 2.00509e-10 2.70077e-11 3.28194e-12 3.58328e-13 3.49763e-14 3.03376e-15 1.26788e-12 8.50707e-06 0.000106338 0.000661956 0.00274353 0.00854461 0.0214128 0.045176 0.0829472 0.13604 0.203602 0.283085 0.371072 0.46375 0.556611 0.643708 0.717453 0.769737 0.794132 0.787928 0.752798 0.693805 0.617538 0.530515 0.438548 0.34695 0.260856 0.184998 0.122895 0.0760254 0.0435984 0.0231013 0.0112841 0.0050735 0.0020977 0.000797089 0.000278237 8.91899e-05 2.62455e-05 7.0866e-06 1.75474e-06 
3.98147e-07 8.26986e-08 1.57045e-08 2.7223e-09 4.29917e-10 6.17079e-11 8.02709e-12 9.43051e-13 9.96466e-14 9.42227e-15 1.01491e-12 6.80566e-06 8.67721e-05 0.000550832 0.00232721 0.00738439 0.0188391 0.0404234 0.0753929 0.125421 0.190089 0.267188 0.353474 0.445214 0.538038 0.626288 0.702704 0.75928 0.789253 0.789169 0.759824 0.705603 0.632791 0.547919 0.456941 0.36527 0.278075 0.200169 0.135315 0.0853992 0.0500838 0.0272007 0.0136475 0.00631561 0.00269286 0.00105721 0.000382007 0.000126999 3.88344e-05 1.09184e-05 2.82111e-06 
6.69465e-07 1.45788e-07 2.91033e-08 5.31874e-09 8.88393e-10 1.3535e-10 1.87632e-11 2.35986e-12 2.68327e-13 2.74671e-14 8.13815e-13 5.44453e-06 7.07788e-05 0.00045802 0.00197194 0.00637296 0.0165482 0.0361065 0.068399 0.115415 0.177156 0.251769 0.336217 0.426866 0.519474 0.608638 0.687421 0.747965 0.783258 0.789186 0.765693 0.716447 0.647354 0.564894 0.475137 0.383604 0.295514 0.21575 0.148286 0.0953824 0.0571469 0.0317773 0.0163582 0.00778199 0.00341741 0.00138434 0.000517048 0.000178001 5.64674e-05 1.65016e-05 4.44056e-06 
1.09979e-06 2.50524e-07 5.24403e-08 1.00757e-08 1.77446e-09 2.85958e-10 4.20805e-11 5.64054e-12 6.86634e-13 7.56392e-14 6.56545e-13 4.35562e-06 5.77119e-05 0.000380572 0.00166915 0.00549275 0.0145131 0.0321948 0.0619405 0.106012 0.164808 0.236846 0.319327 0.408736 0.500952 0.590805 0.671664 0.735856 0.7762 0.788 0.770391 0.726297 0.661172 0.581386 0.493088 0.401911 0.313132 0.231703 0.161779 0.105963 0.064794 0.0368512 0.019442 0.00949723 0.00429033 0.00179096 0.000690507 0.00024581 8.07741e-05 2.44947e-05 6.85276e-06 
1.76795e-06 4.20378e-07 9.2057e-08 1.85486e-08 3.4347e-09 5.83659e-10 9.08561e-11 1.29285e-11 1.67741e-12 1.97838e-13 5.40364e-13 3.4845e-06 4.70407e-05 0.000316 0.00141144 0.00472803 0.0127091 0.0286585 0.0559914 0.0971978 0.153049 0.222438 0.302831 0.390855 0.482509 0.572835 0.655492 0.723018 0.768131 0.78564 0.773913 0.735116 0.674197 0.597343 0.510748 0.420146 0.330888 0.247989 0.175764 0.117126 0.0730278 0.0424398 0.0229238 0.0114862 0.00533171 0.00229083 0.000910597 0.00033475 0.000113781 3.57506e-05 1.03812e-05 
2.78491e-06 6.89892e-07 1.57721e-07 3.32503e-08 6.45748e-09 1.15387e-09 1.89417e-10 2.8514e-11 3.92764e-12 4.93753e-13 4.71859e-13 2.7876e-06 3.83294e-05 0.000262208 0.00119235 0.00406471 0.0111129 0.0254686 0.0505248 0.0889565 0.141878 0.20856 0.286753 0.37325 0.464178 0.55477 0.638961 0.709513 0.759108 0.782138 0.776259 0.742875 0.686381 0.612714 0.528067 0.438267 0.34874 0.264569 0.190209 0.128854 0.0818475 0.0485574 0.026827 0.0137737 0.0065626 0.00289901 0.00118664 0.000449919 0.000157975 5.13567e-05 1.5455e-05 
4.30416e-06 1.1089e-06 2.64155e-07 5.81444e-08 1.1816e-08 2.21459e-09 3.82307e-10 6.06946e-11 8.84492e-12 1.18053e-12 4.76238e-13 2.23008e-06 3.12211e-05 0.000217432 0.00100632 0.00349024 0.00970323 0.0225975 0.0455136 0.0812702 0.131294 0.195224 0.271114 0.35595 0.445992 0.536651 0.622123 0.695402 0.749189 0.777532 0.777434 0.749552 0.69768 0.627447 0.544996 0.456227 0.366645 0.281403 0.205081 0.141125 0.0912488 0.0552154 0.0311731 0.0163844 0.00800482 0.00363173 0.00152912 0.000597264 0.000216364 7.26804e-05 2.26354e-05 
6.53434e-06 2.1381e-314 6.9516e-310 2.13613e-314 2.13806e-314 6.9516e-310 2.13613e-314 6.9516e-310 6.94267e-310 6.9516e-310 2.13613e-314 2.52962e-321 6.94267e-310 6.9516e-310 2.13613e-314 6.9516e-310 3.95253e-323 2.52962e-321 6.94267e-310 6.9516e-310 2.13613e-314 6.9516e-310 2.13613e-314 6.9516e-310 3.16202e-322 6.94267e-310 6.9516e-310 6.9516e-310 2.13613e-314 6.9516e-310 3.16202e-322 6.94267e-310 6.9516e-310 6.9516e-310 2.13613e-314 6.9516e-310 6.94267e-310 6.9516e-310 6.94267e-310 0 6.9516e-310 6.9516e-310 2.13613e-314 6.9516e-310 6.9516e-310 6.9516e-310 2.13613e-314 6.9516e-310 6.9516e-310 2.51973e-322 0 
